50
134 78 214 0.66
169 39 28 0.19
232 67 41 0.92
19 41 235 0.2
27 171 54 0.43
170 101 43 0.25
217 105 140 0.67
250 236 211 0.83
34 63 250 0.82
90 95 249 0.82
75 182 241 0.38
7 194 232 0.04
183 13 186 0.08
14 32 139 0.35
185 75 59 0.48
117 127 94 0.17
212 113 25 0.19
252 132 246 0.17
188 72 190 0.79
242 127 247 0.56
235 163 90 0.33
86 130 173 0.02
98 54 172 0.94
106 211 19 0.92
233 103 179 0.99
253 231 67 0.2
2 237 12 0.08
140 7 234 0.11
246 145 126 0.4
188 86 11 0.19
202 33 153 0.17
216 229 188 0.92
55 1 170 0.83
86 80 134 0.61
101 228 181 0.34
17 119 133 0.19
136 32 2 0.27
251 97 49 0.6
97 146 84 0.5
68 170 217 0.76
107 159 76 0.83
166 175 181 0.42
56 90 12 0.84
52 28 95 0.37
236 208 246 0.74
106 52 215 0.95
73 58 80 0.95
98 237 56 0.15
205 229 222 0.72
135 206 120 0.26